36708
70524
26412
35248
16052
34652
35500
26932
59744
35840
80144
55972
27388
36064
35832
32456
7108
36584
32556
36844
34680
36188
32268
5316
15896
35536
16004
71464
59968
35548
7000
67652
27104
34204
35912
36192
60932
51356
36360
69816
32252
16504
35940
27412
27284
27340
36384
26392
56376
35548
32364
36332
76052
46880
60340
51932
27236
27028
16232
35804
35552
36164
4648
36260
27364
68196
71072
7100
27264
35416
26208
27264
35316
76744
71440
35300
51020
16824
7084
36252
16068
34564
37408
56448
51280
69796
25400
49936
60460
26868
56624
31364
36280
59312
26284
59364
27316
72152
56408
27068
60288
61000
67840
36368
60704
35812
15284
71640
35876
30528
16064
27168
26396
7088
33924
27208
60384
16472
60056
26760
36672
36384
34500
34872
36116
60476
51412
36564
16180
28512
35984
60472
36324
27204
54584
35724
60144
32140
56944
27388
76512
14068
55812
12020
16576
36100
71448
32420
36376
31940
56352
16136
35712
75048
36056
26432
51592
14248
35856
32284
26756
36232
34384
34812
60384
36408
60060
58440
70816
79828
16180
35560
59792
59048
32216
71188
76312
36280
27384
78432
33540
71408
32108
31900
34392
31360
33948
16096
35180
36548
36140
36168
74776
51484
58912
12092
31508
32228
36168
36448
36532
36492
60524
27476
36196
32424
12068
60028
76368
32200
59212
60328
34384
60460
35984
32860
26952
27180
35892
59616
36296
27244
14248
36156
66608
16012
60176
70876
36200
26336
32288
36220
59868
34532
27380
36284
33776
16012
22984
36148
36868
36344
32416
60248
13904
36852
36004
33264
32972
27140
36336
56616
32400
36180
31368
36304
36044
51072
36140
60736
71480
67396
32520
32240
30284
34644
32208
35680
60444
36500
67516
36132
57944
27452
36140
60876
25468
16420
36200
36340
60752
14936
36140
35036
15700
16140
59100
36328
16196
36228
24440
36196
36208
36336
32216
16376
36592
59708
32248
67456
27064
36300
15308
76820
60528
36384
50640
61168
16164
27164
36960
36184
56368
75708
34220
6980
34416
36144
34512
36212
34572
34432
36228
33740
22456
36120
70108
36132
34356
27132
71408
60352
6684
15520
35896
51804
35420
71384
56416
71616
35392
51492
67124
15416
25136
36100
30500
56572
36164
36696
51452
36668
68872
35956
36040
26544
12180
36728
16428
36256
36468
58628
32480
35448
32212
36164
16048
14328
27312
36280
36680
36708
33176
36428
58640
51320
71492
7040
32320
76532
36168
35440
31996
27152
71824
34352
60008
56420
50568
36144
35036
23164
31836
27252
60764
51108
27132
14264
30532
27536
67432
22940
36228
35984
32316
36192
27184
34496
15060
51392
21332
34528
60252
56732
51448
35460
60648
26848
71592
36116
32096
32156
32092
56324
35904
35292
56412
70768
54696
32200
54964
26824
35916
27116
36448
33076
70784
60468
31540
58588
60592
15984
46992
36168
15316
5324
67524
71180
36152
60044
36104
79700
16336
76412
15512
60180
26936
36132
15888
36852
36092
36084
36572
14296
35876
59560
49580
50840
26584
36548
75728
79044
32120
36400
36140
35188
16348
71872
36152
36568
47412
32160
35352
51436
16248
16724
35568
60572
25456
15344
36340
33828
34412
36408
60460
35044
71384
27088
27152
35356
36180
36800
16700
71828
35464
36020
27068
36828
76472
34492
36260
35996
33728
34460
27792
35476
35832
27180
80456
27412
71076
66736
76572
34464
60500
34596
56128
34404
60712
33196
32140
36304
34444
36424
36244
15760
35900
14216
36220
33828
51412
35912
34668
16492
36156
26544
16104
34424
79828
30972
69700
32244
36772
47432
32228
35348
80324
30448
33040
16416
34440
35708
36032
15340
34040
16244
36676
15120
31204
36456
32244
15364
36884
35480
69636
71592
35300
36120
14104
36232
80744
27484
60080
36212
34712
21660
60408
60128
36100
60612
36116
36196
36120
71576
71096
36216
34772
36408
16088
34320
35976
27712
47160
35684
70648
112900
21416
59612
34296
71336
36248
35732
26624
16116
27296
58524
35852
35780
51280
56392
56968
27228
16380
35416
34128
59628
51656
16428
36360
35384
60232
34580
32292
14400
36368
27880
32616
55764
15396
71464
36444
56268
34468
65632
23300
60376
34412
36840
27176
59920
27288
78744
56176
36068
16332
16208
59852
36428
35556
10256
36388
60480
71668
54592
32484
36504
36260
35464
69828
15960
71696
35584
36592
15340
67524
32468
15440
71236
16012
80584
59732
35980
36468
71564
36384
36384
60372
51400
36148
36084
15980
59684
51352
16176
54772
9576
36196
32148
60528
59996
36404
71816
27144
35596
69724
35668
27184
49752
14276
80140
56468
80036
26492
36292
14256
34500
34016
59016
35680
36288
12096
55628
56708
15328
60496
36580
35180
23412
35868
74780
78872
17400
32128
35188
34968
36756
34520
36152
36228
32580
16780
16216
36200
32156
58692
80528
47080
15732
35992
35524
59996
15356
59976
35904
31732
34476
27584
35572
32124
60500
36120
16468
60036
60348
34412
14980
35712
16124
36492
16496
36188
36428
35952
35516
71068
36652
26880
35464
35820
32284
25224
15576
60432
67672
34572
36092
60464
60384
35988
33476
35640
79924
36296
34476
36404
27176
36132
25532
70456
36680
21420
16468
36036
36404
35860
71644
16112
36212
26352
27524
26476
34492
71080
35920
51256
7148
33724
60444
34680
16508
7044
32120
35684
25464
56328
56372
36180
56520
23136
71384
34756
59800
36564
71436
35100
36008
23200
35392
16056
31856
80380
27056
71748
35008
36152
33612
23420
32292
35696
16380
35864
15184
34428
47396
59512
57304
35976
35264
76712
35492
36604
36080
27276
34476
59600
32116
36588
36008
34044
25512
58608
35432
7036
36504
33712
60696
60720
69688
26528
60748
60600
34712
36112
70840
36616
36152
60348
70044
21384
34112
35368
36216
16212
58924
32108
59336
35940
61180
15988
78664
33148
36188
32092
34440
15508
60428
58232
58692
59108
49640
35420
31424
56428
27264
61104
32276
16348
59244
36132
56488
36300
36160
36428
27072
11728
34500
34428
23124
36220
36288
16040
32028
47536
32552
35696
36248
36504
36224
55884
34024
36428
27772
36756
34092
16112
77284
16172
16452
60456
35856
112928
56444
16748
35508
36372
36172
51296
35264
34692
36064
16088
56996
36296
35872
60604
31380
16668
23060
50636
35580
78996
26488
16072
60264
36388
60416
36432
78524
23396
71692
27424
58880
27240
36424
16524
16752
60288
60520
27468
35668
32112
35604
60980
36696
36280
16436
23160
14596
71972
31512
