71572
31312
13336
78376
28612
78092
54644
32572
76116
34980
37092
124556
60864
60104
55788
61676
78644
35968
40068
59516
15828
75232
36540
79280
31832
113884
19560
35424
67888
80596
61044
73208
59392
76444
56308
51808
79572
22708
34892
82252
56176
27328
47588
103920
50720
72648
34540
51460
73032
124108
57284
26560
113456
35432
23100
60200
23752
176956
16328
71356
35100
27728
72168
128100
31604
112904
21644
57468
59108
76604
76512
127508
112156
34424
64980
128972
80040
59980
27572
83308
56852
114680
59864
32128
34548
32632
60780
27232
71880
79688
58260
22880
31812
65472
34952
76432
147452
23764
60508
5060
60336
21436
59136
113468
36912
58368
71052
72156
124032
79084
71276
70868
80500
61312
36312
76400
34464
69208
55876
131500
33784
26272
36108
36884
76484
51392
70860
36368
79160
61232
59628
35612
70596
113172
47536
27808
49332
59448
39200
36984
32320
58632
79388
122688
27184
69408
59908
66908
26196
24436
14968
72136
35352
75724
77048
80356
72100
78560
70476
78628
61332
51680
36972
71572
26612
59488
74620
52048
77196
35460
23084
52140
36216
60372
56960
36924
33072
34500
77872
60464
31224
80420
16028
67988
61104
56368
73792
51860
15844
55180
74756
36072
16180
69492
126704
31728
46436
55352
74944
35272
12308
71152
79972
77428
79896
31860
16168
152156
71400
16468
32104
71532
34688
80628
61364
122928
26684
6604
60232
57096
67952
23912
60736
34212
79180
56940
70056
60288
27264
36092
76460
111560
34132
129052
25184
17428
61280
75684
128020
80292
35664
35404
30800
63376
79864
80408
132588
79992
75256
71280
61112
111544
26152
61708
77528
106628
61048
58760
50144
71668
113224
80432
131340
30588
60688
30944
27280
80512
75000
56624
78444
36400
60200
80676
51316
71460
33984
78148
59392
57044
35876
70396
35808
77812
51668
5428
63164
75696
80444
59300
89856
78668
130200
71204
51788
31692
59972
59944
71272
71884
55452
30708
35400
79416
67012
70852
36364
80256
16736
71584
31964
36508
15844
76416
148828
35424
32116
59536
31896
36588
74184
29988
65708
26876
77368
71480
32800
73968
34720
75156
16156
77860
123988
80248
26032
122976
79484
31180
15664
15284
59644
129636
123616
30536
132532
35852
133020
36144
27280
80532
80608
34032
15716
70772
70752
59352
15016
51840
74544
34548
108824
59784
51332
27248
80400
112888
25076
130864
72652
13380
144148
79656
59660
58960
61120
30648
80776
72528
35872
31012
56468
79048
59680
35520
68288
56900
71068
56468
119904
36400
78448
60424
65728
80368
113048
71432
35756
50968
33032
68436
4984
89792
71152
124720
31808
34592
70540
66068
61192
60432
59676
36216
27744
79980
49720
33784
34060
27636
59844
35956
32608
75004
67656
6428
132264
16232
72016
68388
26808
34852
71200
123816
71372
33904
54628
16212
34732
121028
35484
80492
114060
27076
71748
30304
60264
68260
24660
73164
15484
77112
49980
34632
32236
36300
15576
36864
70032
6616
66872
25836
32556
32972
66836
69256
141736
129208
16256
32188
76592
16792
65508
51316
75056
36960
75940
15752
81936
113364
36176
35800
36120
65468
33476
75360
31524
27920
58640
22464
59652
75836
79852
71460
122928
36276
69300
80284
71880
58420
71448
28168
108868
56348
15940
32264
31412
8984
35692
67072
28144
34548
34624
68924
35292
104112
78656
36468
58672
58772
147268
72368
16700
58512
55748
60632
36136
79636
78728
60836
14636
33880
70180
69352
74880
61256
35956
35912
34232
35884
36348
81208
132908
77896
10708
27084
32148
33924
31340
35612
106336
123628
53828
133280
54652
14424
32124
29732
122984
77584
58272
32684
65524
11412
34644
58632
35008
81732
56668
33464
27396
129712
76400
46232
13568
78072
70072
36132
56116
49048
76736
131196
68916
27628
2128
34772
26752
128384
151072
16256
111292
37792
71968
57020
23168
35028
76620
61120
59712
72636
59520
34400
112172
111612
59492
131440
60868
20056
32256
51268
73444
72064
32552
59100
61024
36156
50076
34408
124680
36864
14464
78740
58920
30072
68024
71188
57084
56328
110564
78204
70060
128804
16300
77748
26752
36040
80332
32328
16260
35452
34924
128780
152152
27212
70364
58972
76096
59324
60396
108888
69812
32304
79720
32212
69928
134084
113436
79452
133724
16640
80456
47384
60476
111680
66076
54684
55360
34872
27136
51112
74688
51756
69476
35372
66668
156868
71148
56896
14868
60380
75932
51136
79084
73200
35548
27048
58464
56436
71704
56308
35780
71944
35912
34080
14296
57320
74456
75644
69348
76000
73176
72184
80676
81268
52992
112688
72076
15384
47304
36224
6716
72808
27460
78060
70884
36152
73800
36304
27944
125292
16216
104044
69660
36036
74724
76368
60200
67472
77456
52164
80552
33124
70772
26188
67472
33320
26396
23808
77228
79000
60016
36196
78672
16800
48408
77224
69592
36216
127324
15996
80344
30868
27792
15832
78940
36464
72304
79960
59040
14424
78252
15952
53016
16416
14488
77804
118944
79696
70844
58216
81200
71208
69656
36844
67360
34376
36140
35744
60436
71332
80420
27384
27872
80428
35604
59688
27564
71524
35700
58708
14948
80976
3124
78792
52380
70500
156676
51192
111060
119976
78004
71824
71376
7252
80516
32820
79868
15320
71740
72544
15304
128556
35160
59596
76656
35880
114820
69796
131748
33612
16052
56400
31772
80192
58872
14032
56444
31500
75052
146440
58144
58312
69752
26896
68364
32028
60440
75008
36728
5988
71768
30788
14400
74392
35596
57036
36020
71916
103844
35020
32696
132164
27764
71352
57672
33664
77172
51688
45584
30360
80180
36440
71072
129096
60460
15984
56328
80580
35736
60056
15172
35856
34800
51972
78224
109088
78672
70132
66608
59264
159460
67908
60128
35076
14600
33724
76440
14664
71920
36108
16108
81148
78104
26444
27452
75168
71392
146480
61280
78672
30680
32136
131328
99640
132588
49836
35484
156252
14296
16660
112960
30580
112860
17132
13780
124316
79948
76688
60252
35144
60356
73432
60364
59552
78748
60784
37532
133888
27200
60352
35088
47780
12396
33988
62200
36668
35424
70956
76812
79928
81032
51224
27576
132228
71412
71088
52016
29444
71544
77556
59768
35616
34280
36676
76448
100120
35004
67924
61180
150424
81236
34068
35364
60616
76324
109492
67392
132144
73160
133040
34844
60372
31396
59456
60388
35104
83316
61116
82104
35404
77172
50492
36596
37620
33940
32212
36440
59052
80904
59224
37016
75184
71488
151400
34812
71492
36636
60440
34704
79676
80312
58980
