32124
36272
31372
16276
36668
16288
59604
58536
70700
27460
16308
70680
27184
36400
27248
49616
76788
71204
36000
36476
32248
70608
26416
35208
32000
34400
23236
36076
60588
36744
32144
35904
34352
36528
36192
6988
36504
16168
35508
36264
36216
34900
26428
32776
34368
29848
17012
51440
36720
16092
27504
16264
47428
32848
27232
78964
32176
25356
16080
15732
35736
34532
36188
31728
27260
27292
27524
35332
60420
27104
60424
35256
36212
36352
16472
35500
36916
25356
47196
32224
66576
51436
16044
70752
30524
59980
35384
27156
70920
16084
32084
36104
11360
15248
16348
60372
60660
36108
35988
59784
6880
59744
16076
36976
32480
36092
27188
79808
72268
71580
76576
25568
26132
30648
36152
66668
50496
26508
49732
36064
36364
36148
27168
36128
36396
35472
34444
27312
27608
14080
56368
34232
59724
36268
31424
36296
27184
35564
34504
35924
34084
23096
30356
27344
56392
60052
25132
71496
32820
71804
36452
67732
36000
35492
34296
35912
57720
36224
79524
36296
35436
36136
51464
27188
32332
36548
60352
26880
34332
16036
32532
27984
7192
32288
36964
32584
36384
34400
60276
12220
56512
14284
36508
36044
36132
37024
51328
26528
79008
7264
31540
35416
59856
36192
36160
27360
16068
26396
60308
36140
67640
27380
51236
31532
34524
15960
36088
33772
53756
32096
70800
60608
15876
36192
35968
26312
36044
71440
35448
35112
34404
60304
36380
60184
56556
15520
34560
36504
34380
16224
35428
36512
51492
35200
36804
26640
79668
16500
26980
26904
27136
27112
36152
36776
27144
36084
33968
35744
14056
30328
58852
36712
15908
36532
24832
61192
56380
16032
30452
78836
32548
51344
36064
27176
32128
35492
59580
14288
35812
36196
60444
59920
76596
27448
35456
35600
80500
60524
51568
37020
58800
31536
33260
71716
71468
75892
37156
70852
60140
16212
35200
13708
51200
36408
34432
35428
70444
36328
35968
15320
16096
16676
16064
60704
26868
60372
60236
36332
23056
11672
26836
34496
14620
27584
27484
58416
35556
70972
75204
60340
58616
36192
36464
67720
60700
16040
60372
60608
34696
34448
27224
34996
60348
67520
59448
16120
32236
55044
16088
71624
79044
35812
35860
35936
32212
32168
36044
59928
67200
58608
26964
22236
60580
27540
12128
26864
35956
32200
60008
16052
31464
71140
59772
12188
26540
15436
72040
15296
32236
69660
36092
34576
3108
36852
31972
35948
15400
15300
36316
31480
77920
76768
27260
58224
60684
59624
34516
27116
27688
51312
34632
60396
60412
35460
58576
34764
50776
60488
27328
59980
35948
16236
69908
32172
35640
50132
35844
60372
36200
56528
71784
35764
71724
51400
36352
27196
56488
25484
51460
16092
11356
35464
35424
15828
71520
36756
14360
34080
35332
61268
32188
36348
35456
60320
59624
16388
32256
31860
36288
36212
57500
32316
31248
36440
35924
34780
54864
70628
26632
32016
27180
51840
69080
80380
58740
60440
32204
16160
50644
34524
32192
33672
32200
35852
32420
71560
34536
32988
75700
58848
32208
76600
27340
60692
35624
59516
36120
36024
32248
16168
36120
11392
36160
69124
16076
60440
58272
34376
76176
34544
34232
51396
32316
36472
32124
27340
11712
36928
35580
78572
16096
34512
30752
60368
58864
34424
34344
36140
78728
36192
23264
27312
15892
37000
37052
35956
34448
71168
60188
35900
34768
16748
36556
31288
35944
26868
32268
32212
60084
75352
56700
36416
36144
16008
58808
36212
60388
49568
31484
36120
32148
35800
60608
11252
34712
35608
34508
33900
36520
15892
35592
35832
26068
56396
49572
36132
27820
27276
16228
60180
35536
61664
14184
36052
36036
27152
36052
27232
36500
34692
36168
34248
36076
5284
71140
60200
57652
27528
36028
56636
13928
27332
36844
59372
16516
27464
31984
15888
16108
32520
23132
36040
36160
16348
35412
36024
71556
21476
32084
36428
34524
36456
36040
16140
15928
16348
35428
51292
16032
34420
47624
36764
22888
74824
56156
71892
35864
71916
27164
32504
56500
36368
15192
51368
51152
36440
60464
60176
35500
60172
60288
36356
36856
34848
14060
49668
35632
59772
34480
69208
16480
56368
60732
34336
12132
59616
27012
33956
35552
36008
36240
36348
30684
58648
36436
60220
36176
25756
22952
14264
14068
13372
51700
36208
26836
30720
34160
34284
59956
7156
27232
60028
58344
27024
71024
35096
34544
26460
36316
60548
14292
16028
62100
32104
15460
36280
56456
36384
27240
5640
16136
16152
36044
14356
69940
34900
31448
36568
35420
56416
25728
16200
51256
54608
65792
36080
16320
14432
36436
27960
13948
16136
26784
70752
15900
35144
36204
60176
76616
70140
51440
60440
58520
16356
32548
35492
15956
34264
60420
23128
60472
51392
25180
32160
37136
71368
32944
34152
75756
35524
66724
6124
27088
27060
34460
16116
37272
36400
36184
60640
16100
61124
76244
35772
36280
79816
36008
67192
32196
60724
27340
23160
36740
60760
35816
58356
27328
35272
27724
32212
36436
60636
36680
27132
12036
27188
27268
35340
16376
16284
36328
36192
66952
11668
34364
108816
60844
16448
16076
16284
32072
27596
34560
27272
32492
16128
30468
16420
26432
59748
60412
27480
36044
71612
34788
27192
60460
15628
51292
35696
60668
27020
16188
25472
55660
16672
32048
58732
15124
35584
31220
36316
35768
33936
14364
27164
35528
32064
32464
36696
16192
76340
76248
36548
36980
27184
71460
34544
2932
60064
34544
60828
36116
36324
35556
36400
27000
16068
61004
31532
7364
36252
35680
56328
34456
32472
36060
7156
69852
60224
36956
56572
16164
27188
48952
31472
35556
35412
36084
60448
34804
27220
16160
32260
60664
32096
36496
21412
15268
32212
36312
59156
36208
32632
29800
15800
59728
16040
59904
36560
51236
36324
35336
35968
16280
59628
36128
17328
32648
31504
27368
32112
35224
26160
60180
57412
76404
67844
36508
27568
36212
36924
36256
60568
32316
51560
36384
34648
16080
32300
24916
16144
16328
26916
68604
78964
27404
16444
35136
16364
16156
34464
32140
58952
36420
16016
35900
67932
36196
36052
59488
51192
35556
27940
35968
36144
52804
36144
25420
12120
78672
36012
75692
56356
36056
60636
27044
33396
35824
25464
32012
59188
36112
16220
70292
29792
34312
27380
35320
16276
36292
32168
32080
17268
54960
35804
60372
35472
79056
15720
27348
60496
36288
32164
27468
15332
36140
35592
57776
16324
59636
60040
56420
36464
35592
75356
71316
60268
7132
56356
