14636
36108
14308
67356
71156
11908
34328
36136
27380
25384
60176
36120
79016
56388
36148
16108
30484
15928
15804
36180
61204
32396
25432
59884
27300
60724
32256
69488
16128
36132
71884
35908
34836
14228
34480
60544
26304
50804
32216
56752
78700
36788
27476
25516
35860
60616
37884
22680
27004
36620
34436
36980
35888
15960
34496
16312
32124
26504
15160
56344
34332
16020
60848
26860
32464
36468
60936
32220
16060
31272
60420
71132
60848
6340
34452
52332
36088
25432
27224
67560
58752
61388
60568
34548
50780
36832
35704
34736
35500
60304
36444
11928
32340
32588
71428
36152
7020
35296
69912
36428
