32372
31524
32228
37280
36152
37040
58716
59608
32092
35472
34588
70684
27200
36164
27220
27036
15884
60584
21888
36000
52160
47392
6992
36232
56848
31808
56020
36848
36224
60128
27296
21196
36664
35428
74820
51372
36140
60364
36264
59408
58812
36248
77488
59672
16064
60384
12436
14436
16164
36168
27140
32712
16072
36296
16008
29800
79916
36032
31920
32608
59896
36228
32064
36424
36232
35556
35804
36408
60420
78216
59536
11348
58624
30568
13684
27072
16096
36120
60164
58820
27292
67416
76576
56008
35296
30408
35904
36812
60412
71436
25572
36496
35952
58732
66828
36248
36148
16268
75460
35992
34280
78920
79300
36096
71576
16328
26904
13568
59796
36848
36468
71168
34544
16128
60584
36352
32284
36208
58524
76752
59272
12064
36124
27228
50972
27304
31484
16880
60328
35920
34480
36804
34656
60444
68028
27108
55784
35444
36296
59844
59932
60492
35464
32132
36080
13724
61032
35720
34440
30428
23292
25412
31552
36112
35456
34220
35780
60420
34388
36156
12180
35488
58604
36432
12180
59960
16112
36140
7112
60388
59936
15756
60496
37172
15972
31936
36152
32312
59780
71516
35948
23504
35140
36376
56548
60448
60404
35408
32056
27200
36216
61240
32328
66848
27552
37220
36208
35700
56492
31704
15260
16964
75980
71392
36152
26472
16076
35608
71684
14400
31936
35580
67892
34600
16060
69420
71952
36212
58836
14216
50628
60884
36108
34804
36176
59980
32908
71172
35392
57324
35384
14372
36160
35368
36292
36584
34740
35912
36164
36832
27268
34424
36172
36296
27228
36576
54616
36084
34368
35372
58792
36512
32988
71548
36260
14436
15924
58480
36544
32324
34852
35140
35068
36192
16056
32648
36288
24864
16372
16256
56508
36068
34980
36188
70460
79516
32004
35460
36576
51240
67156
36012
56416
16772
30376
67496
59656
33680
35652
36156
59968
60452
15520
15300
35096
71604
59820
15388
34648
16024
32096
36132
35964
27600
16032
13760
76600
36184
34820
31844
27000
32384
78888
35632
36304
36032
30580
16368
34412
12204
57912
16788
77360
71564
51728
36316
36168
32084
16024
6300
36192
14304
56420
58460
47856
25376
36340
31996
26772
33620
36440
60264
57112
36196
32604
36180
34580
27000
12068
71496
27240
36416
56484
35548
36280
36688
69600
59784
35136
60424
50592
78468
60992
16496
34464
27176
49888
67992
36312
35928
34480
15584
25388
15356
51300
36072
16168
35852
16168
49764
36112
36180
60548
5468
27268
56592
58568
12408
60548
32172
36188
58620
34360
13592
25452
27316
34296
51272
35992
32632
30340
27200
47376
50136
16204
35656
36236
78744
76532
27104
12064
36260
34436
36176
34540
36256
35088
25276
27192
32264
71444
6996
16220
27224
32260
28028
36172
76472
36164
34520
36304
35048
35880
16424
36216
60084
32556
35752
33068
60780
70844
49928
47984
35108
50800
15508
34424
31912
35692
58752
31960
36592
55044
71488
51252
60924
60492
36340
35460
36504
27420
69264
35640
56700
35788
34648
16004
34572
27556
35436
32324
32236
36040
60624
30460
15904
76236
51368
16164
34444
37172
35984
25404
71512
34416
35824
60372
35008
35888
36420
36152
34416
36168
36276
16020
25452
35840
60460
32420
51296
16028
30872
15804
36340
35768
34616
27180
16172
35820
36324
34088
16476
60380
26336
59616
51228
34340
69804
36004
36484
35892
14344
71704
36428
79592
59356
36176
32592
33464
16052
27524
27572
16408
16344
32584
35624
35860
27120
70920
36080
34880
34420
72148
76516
6784
36232
34568
36516
34408
58536
50672
36012
36460
33776
71396
36216
76108
61232
27132
51632
35996
35564
7188
32192
30592
35916
36276
34536
34524
36980
14328
36096
32220
32200
35676
36124
25500
60720
12080
36332
34480
34876
29608
35832
34892
36224
71704
16128
14384
71432
51996
16020
74616
27308
56712
34104
35940
12152
51480
36304
60352
16320
35668
71744
12064
51000
36136
36212
56424
16276
16460
71076
22424
76360
36580
35472
27712
58556
61040
36104
69560
34464
56148
36092
69036
25140
36116
32176
16188
36524
15892
35796
34392
35456
60356
27568
59648
34464
32428
26284
35036
51076
27212
36172
67568
36288
71188
69692
36656
75988
59692
15716
32100
71464
35820
36168
27080
36104
26104
36296
47708
36080
61708
36084
12116
55960
35584
36192
68004
36396
47744
36480
16364
66820
32480
60084
70068
60808
60248
36140
60324
31984
60172
76452
34828
57660
51280
36456
36164
31952
10504
16116
16092
16308
30556
35432
58568
36160
15736
51360
51740
36860
60668
14064
60556
32252
36764
16160
51460
59380
35896
15544
34464
36388
67484
7024
16028
14584
26696
32132
49780
16576
59984
14076
36064
16524
27428
60352
36584
35440
60620
34580
70784
35844
78776
34464
36460
30424
37044
17120
67044
32536
54564
35444
34388
7020
16164
32608
59200
12296
12008
54692
16032
26396
55948
32632
36020
60232
15524
36240
36012
32196
21392
60196
36288
58544
36000
36916
15640
27916
66860
59484
23296
36188
59484
27352
33884
34512
35064
71068
26976
75836
27192
60336
32180
27080
32688
75008
76688
36420
36280
36336
34300
51452
27048
35480
60360
36284
69736
35892
70752
32384
60544
32136
15500
27052
58232
60784
34512
35616
35872
16112
31820
36284
51544
16088
30532
16068
36152
27284
35340
27012
75028
31912
79720
60072
25064
36264
59912
60188
15840
34356
27004
16084
36916
35600
71360
35780
31524
36176
69740
24460
36052
35392
70584
54592
35816
59992
55012
36416
31824
51400
7060
34584
30808
25636
51896
16104
71396
36320
36424
60172
15740
60204
74812
36092
27156
36124
69620
36220
36200
34116
12132
33644
32440
36244
58964
15948
56108
27084
27156
16308
36456
59680
59748
27016
34892
58732
36120
22488
67336
36084
27152
36236
69804
60424
76940
31428
35540
36104
34660
33704
34724
16128
60648
36204
36116
60700
59920
27520
51136
35332
27176
58628
16228
26444
28200
36656
16864
28240
56300
27456
60820
35808
56760
31956
35912
16812
61716
25588
58612
51744
36384
32576
30488
31556
27032
27172
16052
27220
52164
35916
16004
56692
32132
34120
16344
56724
33272
27316
32152
16128
35312
54444
14436
70992
35484
6344
34456
27204
55888
36324
11880
7016
60400
56768
15264
16572
71616
56404
36180
27176
35756
34720
74932
32268
22396
32796
32288
79304
36468
30592
76464
35380
30824
36240
34900
35676
37840
35832
36132
59684
76912
56464
14228
59588
27392
16608
32436
26352
