35820
69128
23260
11712
16100
36312
60600
59680
27084
36408
27216
27140
34460
35264
30344
60084
70864
36220
57360
60432
55636
128976
7004
56412
35224
36204
36164
35012
16016
21432
36244
35976
34568
51256
47400
31436
26840
27164
36432
16092
12080
51420
32848
22460
55716
27436
25568
16380
27304
33532
60760
35860
27116
35516
58548
56324
34656
35308
71388
16020
35684
36624
35672
26548
51740
27380
50616
51224
32072
61076
35864
69960
36232
31516
32612
27012
60300
31408
34676
35280
70784
60692
35756
11992
36268
36140
32656
27160
35868
23140
35960
34464
34924
36580
35384
32140
32204
75616
11924
15472
51008
16492
59664
35736
27380
15752
15532
36744
58416
14336
16164
27272
71760
36744
27172
16064
75164
36092
36064
34464
51528
36248
36324
60328
36560
24692
16104
15824
7052
35936
71520
27144
35496
27444
36324
60320
36068
16112
16024
15952
25672
35436
35820
25436
60288
56468
6284
60256
27948
32216
16420
27260
27448
35596
78016
70908
36472
7080
35216
47140
16036
59444
33808
27148
60004
36312
36212
25488
35452
35876
49420
15496
36248
76452
35660
76452
35740
16056
14304
36284
77284
32308
21420
16212
51728
36172
59820
31988
23144
30496
16092
36360
26924
16156
60204
78864
36200
59864
35424
34280
67624
34400
32440
16304
16112
32364
56376
23500
36160
72168
51748
35284
25488
36460
59600
35396
27224
71760
112332
67644
35228
59684
30568
57584
35576
36228
16136
61816
27248
69692
36396
79960
36144
51316
71600
59828
61392
58580
32332
59884
56292
76032
36504
35900
71372
36304
32160
36296
36552
60292
34496
35600
32336
35512
25428
71444
36136
58800
36068
16332
36008
14028
16028
26984
34600
59776
36448
16188
34600
34224
36456
35796
36596
27544
36356
51200
49472
32292
34724
71420
34740
79488
16848
36248
36284
51180
16100
79028
58664
36380
16232
36280
16108
16320
35892
16632
58236
14224
36336
27252
27128
35312
36036
36104
36260
61008
36324
61164
58816
36060
5396
16108
12160
36076
15632
33856
59948
60648
78380
16608
50548
51344
16380
59524
22912
16320
30488
36196
16148
34728
35804
36472
35556
51496
34460
33608
5424
36032
34528
60472
32496
15564
32276
34600
32064
58716
32508
27148
56352
36288
36428
32664
16244
26432
35388
35924
74128
31372
36852
27572
71548
16032
33628
35992
35224
35772
35904
60316
50676
25448
56600
27292
14600
27252
36432
36216
36172
74312
56352
27960
21444
36504
56976
36492
36188
35028
27220
34816
27104
36032
67640
59228
30132
36104
36124
26444
31848
10448
27260
36012
35536
32076
59820
26804
60336
78820
32464
22856
36160
34472
27272
6960
36344
36376
70616
16856
72556
67676
75868
55980
16456
16208
34564
69788
25508
27068
30192
23124
36000
51044
35788
35744
9652
37364
16304
27088
70464
56240
16628
34404
16380
61168
27544
26548
32564
15800
16508
35896
27152
58812
60092
36060
76520
26436
71388
71900
71292
27432
30272
35556
36284
35736
36112
60572
27488
16316
58544
16052
16044
23152
35620
61768
71096
60240
51596
33712
56356
35804
15732
71696
15472
76504
60408
32508
58664
32268
54624
57084
32568
31952
58908
36196
34116
36080
36232
16396
54992
60140
31008
35820
51656
49644
30656
36416
60412
34348
35940
35104
59600
36288
56056
71964
76520
16016
27120
71432
59988
35444
35804
15976
16500
56456
33728
35840
36192
34416
15976
27252
34216
36292
56540
58816
26668
60756
30380
16064
71292
47420
26380
34960
36184
32288
51200
67416
14132
35772
36088
60180
51328
32288
27448
32028
80436
36376
35684
27340
58868
71824
59020
16044
71220
69808
60500
36332
35016
16444
36624
54688
16172
55704
12212
12108
16188
36256
36256
60628
16500
36164
35568
12740
16484
36192
60236
36364
70288
32108
35904
35788
32784
56356
50512
26800
35820
16060
36760
60428
71540
35460
60296
35956
16492
27488
7016
56388
35504
27332
16276
59520
6944
34032
7156
15400
23092
72336
60320
60668
30424
60240
16068
35940
27584
36280
35476
36168
36072
27388
27096
36100
30456
67776
14284
36268
71472
59616
15408
34560
76620
35980
16064
60168
32592
34952
34396
30636
36116
34652
70880
59680
36376
59976
67340
36252
3004
36512
59904
16332
11812
34396
33636
27176
32392
34736
76276
27396
31104
60020
36424
33708
76784
74820
70756
35872
34860
60496
35396
25384
60700
51704
67592
34336
56564
51412
60792
32320
61216
36304
26844
56420
35512
35528
35736
36960
59712
36284
26444
27920
37364
58988
51344
58692
34404
34448
60588
16348
34448
16404
37104
35884
27244
36496
16168
36768
32612
68964
25372
36228
27624
60376
58964
16108
78796
36116
60332
27160
35664
70928
60412
60172
60264
66916
31928
16208
60396
32212
27208
26644
32276
36048
36232
56544
35944
36196
25436
36212
60568
60728
60532
33876
34456
12288
60532
34456
36256
16168
56508
31092
71884
2988
27168
47344
16172
16060
36116
36396
51428
36112
16344
60640
56636
15364
74004
15312
34920
54756
36772
33664
36368
61076
7068
36512
33644
36100
34520
27248
23228
35140
31720
27168
36028
36068
6316
26820
15696
23120
36236
15064
34184
34528
58204
70704
54488
35352
65680
16056
35992
27180
71316
70624
27176
36864
16108
77920
69048
32276
56668
60604
34264
51456
70252
31216
58980
26432
72380
34584
51388
26944
32136
60448
36276
60788
112248
34156
58996
16044
27216
31856
60480
25892
34464
16076
36716
34500
15844
25384
51800
36312
51332
37488
36308
80636
27520
60744
36168
33980
51468
61504
35536
27000
72072
51804
36508
16380
69720
35308
71736
36292
35452
71028
36844
35732
59784
36332
25976
15500
59344
36144
27388
26200
35964
51404
25372
76680
32152
33584
60504
58620
26400
16052
5316
77924
7048
36680
36160
35860
35860
77280
32456
32196
51352
34428
16012
36140
35684
27092
35952
22988
60824
36368
34616
15868
35984
60332
35948
27040
36804
10004
16308
36324
15704
16024
36280
35392
34828
32284
33756
34104
69712
25636
16240
36184
27176
35428
26844
32288
36288
25164
34440
74732
67292
36264
70688
31976
26872
16288
67368
27420
49576
54444
56840
32368
32308
26952
36192
35568
60516
67440
60428
27028
60488
12060
34968
31972
36136
14224
25440
36488
34532
56600
16088
69600
71428
36172
36268
14440
79740
75028
36388
27636
36476
71608
36576
16264
16644
31552
35424
60424
35564
76528
36256
26868
60088
27116
31496
35856
25392
27300
36532
51564
32000
35556
