36332
27096
35888
71504
35828
22592
26984
61112
32424
80700
78588
35588
16404
36344
61092
50680
36600
34884
27184
16164
14464
36448
16148
36264
68424
61128
16136
60272
36172
34940
32548
60664
12064
34504
35908
58508
13756
36584
35548
36400
16184
35580
32588
56528
24860
7168
70516
25496
35056
59736
70892
70072
36160
47316
22800
75996
60124
30424
32244
36080
12172
25180
6996
35176
31740
71668
12040
71448
55652
35836
35492
53980
55528
71072
36244
27068
71444
27272
78848
60364
31968
60192
51628
16368
35568
69772
74684
33616
35900
60516
60688
27112
27224
36156
60224
23128
34472
16272
56576
25404
